version 1
nodes
  0 "NotABone0"  -1
  1 "pakkun_water_ball_model"  -1
end
skeleton
time 0
  0 0.000000 0.000000 0.000000 0.000000 0.000000 0.000000
  1 0.000000 0.000000 0.000000 0.000000 -0.000000 0.000000
end
triangles
pakkun_water_ball.png
  0 -4.263672 -4.263672 -2.150391 -0.538121 -0.822622 -0.183625 0.169403 -0.896667 1 1 1.000000
  0 -2.340820 -5.479004 -2.340820 -0.538121 -0.822622 -0.183625 0.169403 -0.896667 1 1 1.000000
  0 -2.518555 -5.885254 0.000000 -0.538121 -0.822622 -0.183625 0.169403 -0.896667 1 1 1.000000
pakkun_water_ball.png
  0 -4.526367 -4.526367 0.000000 -0.552601 -0.816492 -0.167251 0.169403 -0.896667 1 1 1.000000
  0 -4.263672 -4.263672 -2.150391 -0.552601 -0.816492 -0.167251 0.169403 -0.896667 1 1 1.000000
  0 -2.518555 -5.885254 0.000000 -0.552601 -0.816492 -0.167251 0.169403 -0.896667 1 1 1.000000
pakkun_water_ball.png
  0 -4.526367 -4.526367 0.000000 -0.552601 -0.816492 0.167251 0.169403 -0.896667 1 1 1.000000
  0 -2.518555 -5.885254 0.000000 -0.552601 -0.816492 0.167251 0.169403 -0.896667 1 1 1.000000
  0 -4.263672 -4.263672 2.150391 -0.552601 -0.816492 0.167251 0.169403 -0.896667 1 1 1.000000
pakkun_water_ball.png
  0 -5.885254 -2.518555 0.000000 -0.816492 -0.552601 0.167251 0.169403 -0.896667 1 1 1.000000
  0 -4.526367 -4.526367 0.000000 -0.816492 -0.552601 0.167251 0.169403 -0.896667 1 1 1.000000
  0 -4.263672 -4.263672 2.150391 -0.816492 -0.552601 0.167251 0.169403 -0.896667 1 1 1.000000
pakkun_water_ball.png
  0 -5.885254 -2.518555 0.000000 -0.822622 -0.538121 0.183625 0.169403 -0.896667 1 1 1.000000
  0 -4.263672 -4.263672 2.150391 -0.822622 -0.538121 0.183625 0.169403 -0.896667 1 1 1.000000
  0 -5.479004 -2.340820 2.340820 -0.822622 -0.538121 0.183625 0.169403 -0.896667 1 1 1.000000
pakkun_water_ball.png
  0 -6.401367 0.000000 0.000000 -0.963252 -0.197394 0.182160 0.169403 -0.896667 1 1 1.000000
  0 -5.885254 -2.518555 0.000000 -0.963252 -0.197394 0.182160 0.169403 -0.896667 1 1 1.000000
  0 -5.479004 -2.340820 2.340820 -0.963252 -0.197394 0.182160 0.169403 -0.896667 1 1 1.000000
pakkun_water_ball.png
  0 -6.401367 0.000000 0.000000 -0.963252 -0.182160 0.197394 0.169403 -0.896667 1 1 1.000000
  0 -5.479004 -2.340820 2.340820 -0.963252 -0.182160 0.197394 0.169403 -0.896667 1 1 1.000000
  0 -5.885254 0.000000 2.518555 -0.963252 -0.182160 0.197394 0.169403 -0.896667 1 1 1.000000
pakkun_water_ball.png
  0 -5.479004 2.340820 2.340820 -0.963252 0.182160 0.197394 0.169403 -0.896667 1 1 1.000000
  0 -6.401367 0.000000 0.000000 -0.963252 0.182160 0.197394 0.169403 -0.896667 1 1 1.000000
  0 -5.885254 0.000000 2.518555 -0.963252 0.182160 0.197394 0.169403 -0.896667 1 1 1.000000
pakkun_water_ball.png
  0 -5.479004 2.340820 2.340820 -0.822622 0.183625 0.538121 0.169403 -0.896667 1 1 1.000000
  0 -5.885254 0.000000 2.518555 -0.822622 0.183625 0.538121 0.169403 -0.896667 1 1 1.000000
  0 -4.263672 2.150391 4.263672 -0.822622 0.183625 0.538121 0.169403 -0.896667 1 1 1.000000
pakkun_water_ball.png
  0 -3.695801 3.695801 3.695801 -0.731562 0.455291 0.507471 0.169403 -0.896667 1 1 1.000000
  0 -5.479004 2.340820 2.340820 -0.731562 0.455291 0.507471 0.169403 -0.896667 1 1 1.000000
  0 -4.263672 2.150391 4.263672 -0.731562 0.455291 0.507471 0.169403 -0.896667 1 1 1.000000
pakkun_water_ball.png
  0 -3.695801 3.695801 3.695801 -0.507471 0.455291 0.731562 0.169403 -0.896667 1 1 1.000000
  0 -4.263672 2.150391 4.263672 -0.507471 0.455291 0.731562 0.169403 -0.896667 1 1 1.000000
  0 -2.340820 2.340820 5.479004 -0.507471 0.455291 0.731562 0.169403 -0.896667 1 1 1.000000
pakkun_water_ball.png
  0 -2.150391 4.263672 4.263672 -0.455291 0.507471 0.731562 0.169403 -0.896667 1 1 1.000000
  0 -3.695801 3.695801 3.695801 -0.455291 0.507471 0.731562 0.169403 -0.896667 1 1 1.000000
  0 -2.340820 2.340820 5.479004 -0.455291 0.507471 0.731562 0.169403 -0.896667 1 1 1.000000
pakkun_water_ball.png
  0 -2.150391 4.263672 4.263672 -0.183625 0.538121 0.822622 0.169403 -0.896667 1 1 1.000000
  0 -2.340820 2.340820 5.479004 -0.183625 0.538121 0.822622 0.169403 -0.896667 1 1 1.000000
  0 0.000000 2.518555 5.885254 -0.183625 0.538121 0.822622 0.169403 -0.896667 1 1 1.000000
pakkun_water_ball.png
  0 0.000000 4.526367 4.526367 -0.167251 0.552601 0.816492 0.169403 -0.896667 1 1 1.000000
  0 -2.150391 4.263672 4.263672 -0.167251 0.552601 0.816492 0.169403 -0.896667 1 1 1.000000
  0 0.000000 2.518555 5.885254 -0.167251 0.552601 0.816492 0.169403 -0.896667 1 1 1.000000
pakkun_water_ball.png
  0 0.000000 4.526367 4.526367 0.167251 0.552601 0.816492 0.169403 -0.896667 1 1 1.000000
  0 0.000000 2.518555 5.885254 0.167251 0.552601 0.816492 0.169403 -0.896667 1 1 1.000000
  0 2.150391 4.263672 4.263672 0.167251 0.552601 0.816492 0.169403 -0.896667 1 1 1.000000
pakkun_water_ball.png
  0 0.000000 5.885254 2.518555 0.167251 0.816492 0.552601 0.169403 -0.896667 1 1 1.000000
  0 0.000000 4.526367 4.526367 0.167251 0.816492 0.552601 0.169403 -0.896667 1 1 1.000000
  0 2.150391 4.263672 4.263672 0.167251 0.816492 0.552601 0.169403 -0.896667 1 1 1.000000
pakkun_water_ball.png
  0 0.000000 5.885254 2.518555 0.183625 0.822622 0.538121 0.169403 -0.896667 1 1 1.000000
  0 2.150391 4.263672 4.263672 0.183625 0.822622 0.538121 0.169403 -0.896667 1 1 1.000000
  0 2.340820 5.479004 2.340820 0.183625 0.822622 0.538121 0.169403 -0.896667 1 1 1.000000
pakkun_water_ball.png
  0 0.000000 6.401367 0.000000 0.182160 0.963252 0.197394 0.169403 -0.896667 1 1 1.000000
  0 0.000000 5.885254 2.518555 0.182160 0.963252 0.197394 0.169403 -0.896667 1 1 1.000000
  0 2.340820 5.479004 2.340820 0.182160 0.963252 0.197394 0.169403 -0.896667 1 1 1.000000
pakkun_water_ball.png
  0 0.000000 6.401367 0.000000 0.197394 0.963252 0.182160 0.169403 -0.896667 1 1 1.000000
  0 2.340820 5.479004 2.340820 0.197394 0.963252 0.182160 0.169403 -0.896667 1 1 1.000000
  0 2.518555 5.885254 0.000000 0.197394 0.963252 0.182160 0.169403 -0.896667 1 1 1.000000
pakkun_water_ball.png
  0 2.340820 5.479004 -2.340820 0.197394 0.963252 -0.182160 0.169403 -0.896667 1 1 1.000000
  0 0.000000 6.401367 0.000000 0.197394 0.963252 -0.182160 0.169403 -0.896667 1 1 1.000000
  0 2.518555 5.885254 0.000000 0.197394 0.963252 -0.182160 0.169403 -0.896667 1 1 1.000000
pakkun_water_ball.png
  0 2.340820 5.479004 -2.340820 0.538121 0.822622 -0.183625 0.169403 -0.896667 1 1 1.000000
  0 2.518555 5.885254 0.000000 0.538121 0.822622 -0.183625 0.169403 -0.896667 1 1 1.000000
  0 4.263672 4.263672 -2.150391 0.538121 0.822622 -0.183625 0.169403 -0.896667 1 1 1.000000
pakkun_water_ball.png
  0 3.695801 3.695801 -3.695801 0.507471 0.731562 -0.455291 0.169403 -0.896667 1 1 1.000000
  0 2.340820 5.479004 -2.340820 0.507471 0.731562 -0.455291 0.169403 -0.896667 1 1 1.000000
  0 4.263672 4.263672 -2.150391 0.507471 0.731562 -0.455291 0.169403 -0.896667 1 1 1.000000
pakkun_water_ball.png
  0 3.695801 3.695801 -3.695801 0.731562 0.507471 -0.455291 0.169403 -0.896667 1 1 1.000000
  0 4.263672 4.263672 -2.150391 0.731562 0.507471 -0.455291 0.169403 -0.896667 1 1 1.000000
  0 5.479004 2.340820 -2.340820 0.731562 0.507471 -0.455291 0.169403 -0.896667 1 1 1.000000
pakkun_water_ball.png
  0 4.263672 2.150391 -4.263672 0.731562 0.455291 -0.507471 0.169403 -0.896667 1 1 1.000000
  0 3.695801 3.695801 -3.695801 0.731562 0.455291 -0.507471 0.169403 -0.896667 1 1 1.000000
  0 5.479004 2.340820 -2.340820 0.731562 0.455291 -0.507471 0.169403 -0.896667 1 1 1.000000
pakkun_water_ball.png
  0 4.263672 2.150391 -4.263672 0.822622 0.183625 -0.538121 0.169403 -0.896667 1 1 1.000000
  0 5.479004 2.340820 -2.340820 0.822622 0.183625 -0.538121 0.169403 -0.896667 1 1 1.000000
  0 5.885254 0.000000 -2.518555 0.822622 0.183625 -0.538121 0.169403 -0.896667 1 1 1.000000
pakkun_water_ball.png
  0 4.526367 0.000000 -4.526367 0.816492 0.167251 -0.552601 0.169403 -0.896667 1 1 1.000000
  0 4.263672 2.150391 -4.263672 0.816492 0.167251 -0.552601 0.169403 -0.896667 1 1 1.000000
  0 5.885254 0.000000 -2.518555 0.816492 0.167251 -0.552601 0.169403 -0.896667 1 1 1.000000
pakkun_water_ball.png
  0 4.526367 0.000000 -4.526367 0.816492 -0.167251 -0.552601 0.169403 -0.896667 1 1 1.000000
  0 5.885254 0.000000 -2.518555 0.816492 -0.167251 -0.552601 0.169403 -0.896667 1 1 1.000000
  0 4.263672 -2.150391 -4.263672 0.816492 -0.167251 -0.552601 0.169403 -0.896667 1 1 1.000000
pakkun_water_ball.png
  0 2.518555 0.000000 -5.885254 0.552601 -0.167251 -0.816492 0.169403 -0.896667 1 1 1.000000
  0 4.526367 0.000000 -4.526367 0.552601 -0.167251 -0.816492 0.169403 -0.896667 1 1 1.000000
  0 4.263672 -2.150391 -4.263672 0.552601 -0.167251 -0.816492 0.169403 -0.896667 1 1 1.000000
pakkun_water_ball.png
  0 2.518555 0.000000 -5.885254 0.538121 -0.183625 -0.822622 0.169403 -0.896667 1 1 1.000000
  0 4.263672 -2.150391 -4.263672 0.538121 -0.183625 -0.822622 0.169403 -0.896667 1 1 1.000000
  0 2.340820 -2.340820 -5.479004 0.538121 -0.183625 -0.822622 0.169403 -0.896667 1 1 1.000000
pakkun_water_ball.png
  0 0.000000 0.000000 -6.401367 0.197394 -0.182160 -0.963252 0.169403 -0.896667 1 1 1.000000
  0 2.518555 0.000000 -5.885254 0.197394 -0.182160 -0.963252 0.169403 -0.896667 1 1 1.000000
  0 2.340820 -2.340820 -5.479004 0.197394 -0.182160 -0.963252 0.169403 -0.896667 1 1 1.000000
pakkun_water_ball.png
  0 0.000000 0.000000 -6.401367 0.182160 -0.197394 -0.963252 0.169403 -0.896667 1 1 1.000000
  0 2.340820 -2.340820 -5.479004 0.182160 -0.197394 -0.963252 0.169403 -0.896667 1 1 1.000000
  0 0.000000 -2.518555 -5.885254 0.182160 -0.197394 -0.963252 0.169403 -0.896667 1 1 1.000000
pakkun_water_ball.png
  0 -2.340820 -2.340820 -5.479004 -0.182160 -0.197394 -0.963252 0.169403 -0.896667 1 1 1.000000
  0 0.000000 0.000000 -6.401367 -0.182160 -0.197394 -0.963252 0.169403 -0.896667 1 1 1.000000
  0 0.000000 -2.518555 -5.885254 -0.182160 -0.197394 -0.963252 0.169403 -0.896667 1 1 1.000000
pakkun_water_ball.png
  0 -2.340820 -2.340820 -5.479004 -0.183625 -0.538121 -0.822622 0.169403 -0.896667 1 1 1.000000
  0 0.000000 -2.518555 -5.885254 -0.183625 -0.538121 -0.822622 0.169403 -0.896667 1 1 1.000000
  0 -2.150391 -4.263672 -4.263672 -0.183625 -0.538121 -0.822622 0.169403 -0.896667 1 1 1.000000
pakkun_water_ball.png
  0 -3.695801 -3.695801 -3.695801 -0.455291 -0.507471 -0.731562 0.169403 -0.896667 1 1 1.000000
  0 -2.340820 -2.340820 -5.479004 -0.455291 -0.507471 -0.731562 0.169403 -0.896667 1 1 1.000000
  0 -2.150391 -4.263672 -4.263672 -0.455291 -0.507471 -0.731562 0.169403 -0.896667 1 1 1.000000
pakkun_water_ball.png
  0 -3.695801 -3.695801 -3.695801 -0.455291 -0.731562 -0.507471 0.169403 -0.896667 1 1 1.000000
  0 -2.150391 -4.263672 -4.263672 -0.455291 -0.731562 -0.507471 0.169403 -0.896667 1 1 1.000000
  0 -2.340820 -5.479004 -2.340820 -0.455291 -0.731562 -0.507471 0.169403 -0.896667 1 1 1.000000
pakkun_water_ball.png
  0 -4.263672 -4.263672 -2.150391 -0.507471 -0.731562 -0.455291 0.169403 -0.896667 1 1 1.000000
  0 -3.695801 -3.695801 -3.695801 -0.507471 -0.731562 -0.455291 0.169403 -0.896667 1 1 1.000000
  0 -2.340820 -5.479004 -2.340820 -0.507471 -0.731562 -0.455291 0.169403 -0.896667 1 1 1.000000
pakkun_water_ball.png
  0 0.000000 -6.401367 0.000000 -0.197394 -0.963252 -0.182160 0.169403 -0.896667 1 1 1.000000
  0 -2.518555 -5.885254 0.000000 -0.197394 -0.963252 -0.182160 0.169403 -0.896667 1 1 1.000000
  0 -2.340820 -5.479004 -2.340820 -0.197394 -0.963252 -0.182160 0.169403 -0.896667 1 1 1.000000
pakkun_water_ball.png
  0 0.000000 -5.885254 -2.518555 -0.182160 -0.963252 -0.197394 0.169403 -0.896667 1 1 1.000000
  0 0.000000 -6.401367 0.000000 -0.182160 -0.963252 -0.197394 0.169403 -0.896667 1 1 1.000000
  0 -2.340820 -5.479004 -2.340820 -0.182160 -0.963252 -0.197394 0.169403 -0.896667 1 1 1.000000
pakkun_water_ball.png
  0 0.000000 -5.885254 -2.518555 -0.183625 -0.822622 -0.538121 0.169403 -0.896667 1 1 1.000000
  0 -2.340820 -5.479004 -2.340820 -0.183625 -0.822622 -0.538121 0.169403 -0.896667 1 1 1.000000
  0 -2.150391 -4.263672 -4.263672 -0.183625 -0.822622 -0.538121 0.169403 -0.896667 1 1 1.000000
pakkun_water_ball.png
  0 0.000000 -4.526367 -4.526367 -0.167251 -0.816492 -0.552601 0.169403 -0.896667 1 1 1.000000
  0 0.000000 -5.885254 -2.518555 -0.167251 -0.816492 -0.552601 0.169403 -0.896667 1 1 1.000000
  0 -2.150391 -4.263672 -4.263672 -0.167251 -0.816492 -0.552601 0.169403 -0.896667 1 1 1.000000
pakkun_water_ball.png
  0 0.000000 -4.526367 -4.526367 -0.167251 -0.552601 -0.816492 0.169403 -0.896667 1 1 1.000000
  0 -2.150391 -4.263672 -4.263672 -0.167251 -0.552601 -0.816492 0.169403 -0.896667 1 1 1.000000
  0 0.000000 -2.518555 -5.885254 -0.167251 -0.552601 -0.816492 0.169403 -0.896667 1 1 1.000000
pakkun_water_ball.png
  0 2.150391 -4.263672 -4.263672 0.167251 -0.552601 -0.816492 0.169403 -0.896667 1 1 1.000000
  0 0.000000 -4.526367 -4.526367 0.167251 -0.552601 -0.816492 0.169403 -0.896667 1 1 1.000000
  0 0.000000 -2.518555 -5.885254 0.167251 -0.552601 -0.816492 0.169403 -0.896667 1 1 1.000000
pakkun_water_ball.png
  0 2.150391 -4.263672 -4.263672 0.183625 -0.538121 -0.822622 0.169403 -0.896667 1 1 1.000000
  0 0.000000 -2.518555 -5.885254 0.183625 -0.538121 -0.822622 0.169403 -0.896667 1 1 1.000000
  0 2.340820 -2.340820 -5.479004 0.183625 -0.538121 -0.822622 0.169403 -0.896667 1 1 1.000000
pakkun_water_ball.png
  0 3.695801 -3.695801 -3.695801 0.455291 -0.507471 -0.731562 0.169403 -0.896667 1 1 1.000000
  0 2.150391 -4.263672 -4.263672 0.455291 -0.507471 -0.731562 0.169403 -0.896667 1 1 1.000000
  0 2.340820 -2.340820 -5.479004 0.455291 -0.507471 -0.731562 0.169403 -0.896667 1 1 1.000000
pakkun_water_ball.png
  0 3.695801 -3.695801 -3.695801 0.507471 -0.455291 -0.731562 0.169403 -0.896667 1 1 1.000000
  0 2.340820 -2.340820 -5.479004 0.507471 -0.455291 -0.731562 0.169403 -0.896667 1 1 1.000000
  0 4.263672 -2.150391 -4.263672 0.507471 -0.455291 -0.731562 0.169403 -0.896667 1 1 1.000000
pakkun_water_ball.png
  0 5.479004 -2.340820 -2.340820 0.731562 -0.455291 -0.507471 0.169403 -0.896667 1 1 1.000000
  0 3.695801 -3.695801 -3.695801 0.731562 -0.455291 -0.507471 0.169403 -0.896667 1 1 1.000000
  0 4.263672 -2.150391 -4.263672 0.731562 -0.455291 -0.507471 0.169403 -0.896667 1 1 1.000000
pakkun_water_ball.png
  0 5.479004 -2.340820 -2.340820 0.822622 -0.183625 -0.538121 0.169403 -0.896667 1 1 1.000000
  0 4.263672 -2.150391 -4.263672 0.822622 -0.183625 -0.538121 0.169403 -0.896667 1 1 1.000000
  0 5.885254 0.000000 -2.518555 0.822622 -0.183625 -0.538121 0.169403 -0.896667 1 1 1.000000
pakkun_water_ball.png
  0 6.401367 0.000000 0.000000 0.963252 -0.182160 -0.197394 0.169403 -0.896667 1 1 1.000000
  0 5.479004 -2.340820 -2.340820 0.963252 -0.182160 -0.197394 0.169403 -0.896667 1 1 1.000000
  0 5.885254 0.000000 -2.518555 0.963252 -0.182160 -0.197394 0.169403 -0.896667 1 1 1.000000
pakkun_water_ball.png
  0 6.401367 0.000000 0.000000 0.963252 0.182160 -0.197394 0.169403 -0.896667 1 1 1.000000
  0 5.885254 0.000000 -2.518555 0.963252 0.182160 -0.197394 0.169403 -0.896667 1 1 1.000000
  0 5.479004 2.340820 -2.340820 0.963252 0.182160 -0.197394 0.169403 -0.896667 1 1 1.000000
pakkun_water_ball.png
  0 5.885254 2.518555 0.000000 0.963252 0.197394 -0.182160 0.169403 -0.896667 1 1 1.000000
  0 6.401367 0.000000 0.000000 0.963252 0.197394 -0.182160 0.169403 -0.896667 1 1 1.000000
  0 5.479004 2.340820 -2.340820 0.963252 0.197394 -0.182160 0.169403 -0.896667 1 1 1.000000
pakkun_water_ball.png
  0 5.885254 2.518555 0.000000 0.822622 0.538121 -0.183625 0.169403 -0.896667 1 1 1.000000
  0 5.479004 2.340820 -2.340820 0.822622 0.538121 -0.183625 0.169403 -0.896667 1 1 1.000000
  0 4.263672 4.263672 -2.150391 0.822622 0.538121 -0.183625 0.169403 -0.896667 1 1 1.000000
pakkun_water_ball.png
  0 4.526367 4.526367 0.000000 0.816492 0.552601 -0.167251 0.169403 -0.896667 1 1 1.000000
  0 5.885254 2.518555 0.000000 0.816492 0.552601 -0.167251 0.169403 -0.896667 1 1 1.000000
  0 4.263672 4.263672 -2.150391 0.816492 0.552601 -0.167251 0.169403 -0.896667 1 1 1.000000
pakkun_water_ball.png
  0 4.526367 4.526367 0.000000 0.552601 0.816492 -0.167251 0.169403 -0.896667 1 1 1.000000
  0 4.263672 4.263672 -2.150391 0.552601 0.816492 -0.167251 0.169403 -0.896667 1 1 1.000000
  0 2.518555 5.885254 0.000000 0.552601 0.816492 -0.167251 0.169403 -0.896667 1 1 1.000000
pakkun_water_ball.png
  0 4.263672 4.263672 2.150391 0.552601 0.816492 0.167251 0.169403 -0.896667 1 1 1.000000
  0 4.526367 4.526367 0.000000 0.552601 0.816492 0.167251 0.169403 -0.896667 1 1 1.000000
  0 2.518555 5.885254 0.000000 0.552601 0.816492 0.167251 0.169403 -0.896667 1 1 1.000000
pakkun_water_ball.png
  0 4.263672 4.263672 2.150391 0.538121 0.822622 0.183625 0.169403 -0.896667 1 1 1.000000
  0 2.518555 5.885254 0.000000 0.538121 0.822622 0.183625 0.169403 -0.896667 1 1 1.000000
  0 2.340820 5.479004 2.340820 0.538121 0.822622 0.183625 0.169403 -0.896667 1 1 1.000000
pakkun_water_ball.png
  0 3.695801 3.695801 3.695801 0.507471 0.731562 0.455291 0.169403 -0.896667 1 1 1.000000
  0 4.263672 4.263672 2.150391 0.507471 0.731562 0.455291 0.169403 -0.896667 1 1 1.000000
  0 2.340820 5.479004 2.340820 0.507471 0.731562 0.455291 0.169403 -0.896667 1 1 1.000000
pakkun_water_ball.png
  0 3.695801 3.695801 3.695801 0.455291 0.731562 0.507471 0.169403 -0.896667 1 1 1.000000
  0 2.340820 5.479004 2.340820 0.455291 0.731562 0.507471 0.169403 -0.896667 1 1 1.000000
  0 2.150391 4.263672 4.263672 0.455291 0.731562 0.507471 0.169403 -0.896667 1 1 1.000000
pakkun_water_ball.png
  0 2.340820 2.340820 5.479004 0.455291 0.507471 0.731562 0.169403 -0.896667 1 1 1.000000
  0 3.695801 3.695801 3.695801 0.455291 0.507471 0.731562 0.169403 -0.896667 1 1 1.000000
  0 2.150391 4.263672 4.263672 0.455291 0.507471 0.731562 0.169403 -0.896667 1 1 1.000000
pakkun_water_ball.png
  0 2.340820 2.340820 5.479004 0.183625 0.538121 0.822622 0.169403 -0.896667 1 1 1.000000
  0 2.150391 4.263672 4.263672 0.183625 0.538121 0.822622 0.169403 -0.896667 1 1 1.000000
  0 0.000000 2.518555 5.885254 0.183625 0.538121 0.822622 0.169403 -0.896667 1 1 1.000000
pakkun_water_ball.png
  0 0.000000 0.000000 6.401367 0.182160 0.197394 0.963252 0.169403 -0.896667 1 1 1.000000
  0 2.340820 2.340820 5.479004 0.182160 0.197394 0.963252 0.169403 -0.896667 1 1 1.000000
  0 0.000000 2.518555 5.885254 0.182160 0.197394 0.963252 0.169403 -0.896667 1 1 1.000000
pakkun_water_ball.png
  0 0.000000 0.000000 6.401367 -0.182160 0.197394 0.963252 0.169403 -0.896667 1 1 1.000000
  0 0.000000 2.518555 5.885254 -0.182160 0.197394 0.963252 0.169403 -0.896667 1 1 1.000000
  0 -2.340820 2.340820 5.479004 -0.182160 0.197394 0.963252 0.169403 -0.896667 1 1 1.000000
pakkun_water_ball.png
  0 -2.518555 0.000000 5.885254 -0.197394 0.182160 0.963252 0.169403 -0.896667 1 1 1.000000
  0 0.000000 0.000000 6.401367 -0.197394 0.182160 0.963252 0.169403 -0.896667 1 1 1.000000
  0 -2.340820 2.340820 5.479004 -0.197394 0.182160 0.963252 0.169403 -0.896667 1 1 1.000000
pakkun_water_ball.png
  0 -2.518555 0.000000 5.885254 -0.538121 0.183625 0.822622 0.169403 -0.896667 1 1 1.000000
  0 -2.340820 2.340820 5.479004 -0.538121 0.183625 0.822622 0.169403 -0.896667 1 1 1.000000
  0 -4.263672 2.150391 4.263672 -0.538121 0.183625 0.822622 0.169403 -0.896667 1 1 1.000000
pakkun_water_ball.png
  0 -4.526367 0.000000 4.526367 -0.552601 0.167251 0.816492 0.169403 -0.896667 1 1 1.000000
  0 -2.518555 0.000000 5.885254 -0.552601 0.167251 0.816492 0.169403 -0.896667 1 1 1.000000
  0 -4.263672 2.150391 4.263672 -0.552601 0.167251 0.816492 0.169403 -0.896667 1 1 1.000000
pakkun_water_ball.png
  0 -4.526367 0.000000 4.526367 -0.816492 0.167251 0.552601 0.169403 -0.896667 1 1 1.000000
  0 -4.263672 2.150391 4.263672 -0.816492 0.167251 0.552601 0.169403 -0.896667 1 1 1.000000
  0 -5.885254 0.000000 2.518555 -0.816492 0.167251 0.552601 0.169403 -0.896667 1 1 1.000000
pakkun_water_ball.png
  0 -4.263672 -2.150391 4.263672 -0.816492 -0.167251 0.552601 0.169403 -0.896667 1 1 1.000000
  0 -4.526367 0.000000 4.526367 -0.816492 -0.167251 0.552601 0.169403 -0.896667 1 1 1.000000
  0 -5.885254 0.000000 2.518555 -0.816492 -0.167251 0.552601 0.169403 -0.896667 1 1 1.000000
pakkun_water_ball.png
  0 -4.263672 -2.150391 4.263672 -0.822622 -0.183625 0.538121 0.169403 -0.896667 1 1 1.000000
  0 -5.885254 0.000000 2.518555 -0.822622 -0.183625 0.538121 0.169403 -0.896667 1 1 1.000000
  0 -5.479004 -2.340820 2.340820 -0.822622 -0.183625 0.538121 0.169403 -0.896667 1 1 1.000000
pakkun_water_ball.png
  0 -3.695801 -3.695801 3.695801 -0.731562 -0.455291 0.507471 0.169403 -0.896667 1 1 1.000000
  0 -4.263672 -2.150391 4.263672 -0.731562 -0.455291 0.507471 0.169403 -0.896667 1 1 1.000000
  0 -5.479004 -2.340820 2.340820 -0.731562 -0.455291 0.507471 0.169403 -0.896667 1 1 1.000000
pakkun_water_ball.png
  0 -3.695801 -3.695801 3.695801 -0.731562 -0.507471 0.455291 0.169403 -0.896667 1 1 1.000000
  0 -5.479004 -2.340820 2.340820 -0.731562 -0.507471 0.455291 0.169403 -0.896667 1 1 1.000000
  0 -4.263672 -4.263672 2.150391 -0.731562 -0.507471 0.455291 0.169403 -0.896667 1 1 1.000000
pakkun_water_ball.png
  0 -2.340820 -5.479004 2.340820 -0.507471 -0.731562 0.455291 0.169403 -0.896667 1 1 1.000000
  0 -3.695801 -3.695801 3.695801 -0.507471 -0.731562 0.455291 0.169403 -0.896667 1 1 1.000000
  0 -4.263672 -4.263672 2.150391 -0.507471 -0.731562 0.455291 0.169403 -0.896667 1 1 1.000000
pakkun_water_ball.png
  0 -2.340820 -5.479004 2.340820 -0.538121 -0.822622 0.183625 0.169403 -0.896667 1 1 1.000000
  0 -4.263672 -4.263672 2.150391 -0.538121 -0.822622 0.183625 0.169403 -0.896667 1 1 1.000000
  0 -2.518555 -5.885254 0.000000 -0.538121 -0.822622 0.183625 0.169403 -0.896667 1 1 1.000000
pakkun_water_ball.png
  0 0.000000 -6.401367 0.000000 -0.197394 -0.963252 0.182160 0.169403 -0.896667 1 1 1.000000
  0 -2.340820 -5.479004 2.340820 -0.197394 -0.963252 0.182160 0.169403 -0.896667 1 1 1.000000
  0 -2.518555 -5.885254 0.000000 -0.197394 -0.963252 0.182160 0.169403 -0.896667 1 1 1.000000
pakkun_water_ball.png
  0 -2.150391 4.263672 4.263672 -0.167251 0.816492 0.552601 0.169403 -0.896667 1 1 1.000000
  0 0.000000 4.526367 4.526367 -0.167251 0.816492 0.552601 0.169403 -0.896667 1 1 1.000000
  0 0.000000 5.885254 2.518555 -0.167251 0.816492 0.552601 0.169403 -0.896667 1 1 1.000000
pakkun_water_ball.png
  0 -2.340820 5.479004 2.340820 -0.183625 0.822622 0.538121 0.169403 -0.896667 1 1 1.000000
  0 -2.150391 4.263672 4.263672 -0.183625 0.822622 0.538121 0.169403 -0.896667 1 1 1.000000
  0 0.000000 5.885254 2.518555 -0.183625 0.822622 0.538121 0.169403 -0.896667 1 1 1.000000
pakkun_water_ball.png
  0 -2.340820 5.479004 2.340820 -0.182160 0.963252 0.197394 0.169403 -0.896667 1 1 1.000000
  0 0.000000 5.885254 2.518555 -0.182160 0.963252 0.197394 0.169403 -0.896667 1 1 1.000000
  0 0.000000 6.401367 0.000000 -0.182160 0.963252 0.197394 0.169403 -0.896667 1 1 1.000000
pakkun_water_ball.png
  0 -2.518555 5.885254 0.000000 -0.197394 0.963252 0.182160 0.169403 -0.896667 1 1 1.000000
  0 -2.340820 5.479004 2.340820 -0.197394 0.963252 0.182160 0.169403 -0.896667 1 1 1.000000
  0 0.000000 6.401367 0.000000 -0.197394 0.963252 0.182160 0.169403 -0.896667 1 1 1.000000
pakkun_water_ball.png
  0 -2.518555 5.885254 0.000000 -0.197394 0.963252 -0.182160 0.169403 -0.896667 1 1 1.000000
  0 0.000000 6.401367 0.000000 -0.197394 0.963252 -0.182160 0.169403 -0.896667 1 1 1.000000
  0 -2.340820 5.479004 -2.340820 -0.197394 0.963252 -0.182160 0.169403 -0.896667 1 1 1.000000
pakkun_water_ball.png
  0 -4.263672 4.263672 -2.150391 -0.538121 0.822622 -0.183625 0.169403 -0.896667 1 1 1.000000
  0 -2.518555 5.885254 0.000000 -0.538121 0.822622 -0.183625 0.169403 -0.896667 1 1 1.000000
  0 -2.340820 5.479004 -2.340820 -0.538121 0.822622 -0.183625 0.169403 -0.896667 1 1 1.000000
pakkun_water_ball.png
  0 -4.263672 4.263672 -2.150391 -0.507471 0.731562 -0.455291 0.169403 -0.896667 1 1 1.000000
  0 -2.340820 5.479004 -2.340820 -0.507471 0.731562 -0.455291 0.169403 -0.896667 1 1 1.000000
  0 -3.695801 3.695801 -3.695801 -0.507471 0.731562 -0.455291 0.169403 -0.896667 1 1 1.000000
pakkun_water_ball.png
  0 -5.479004 2.340820 -2.340820 -0.731562 0.507471 -0.455291 0.169403 -0.896667 1 1 1.000000
  0 -4.263672 4.263672 -2.150391 -0.731562 0.507471 -0.455291 0.169403 -0.896667 1 1 1.000000
  0 -3.695801 3.695801 -3.695801 -0.731562 0.507471 -0.455291 0.169403 -0.896667 1 1 1.000000
pakkun_water_ball.png
  0 -5.479004 2.340820 -2.340820 -0.731562 0.455291 -0.507471 0.169403 -0.896667 1 1 1.000000
  0 -3.695801 3.695801 -3.695801 -0.731562 0.455291 -0.507471 0.169403 -0.896667 1 1 1.000000
  0 -4.263672 2.150391 -4.263672 -0.731562 0.455291 -0.507471 0.169403 -0.896667 1 1 1.000000
pakkun_water_ball.png
  0 -5.885254 0.000000 -2.518555 -0.822622 0.183625 -0.538121 0.169403 -0.896667 1 1 1.000000
  0 -5.479004 2.340820 -2.340820 -0.822622 0.183625 -0.538121 0.169403 -0.896667 1 1 1.000000
  0 -4.263672 2.150391 -4.263672 -0.822622 0.183625 -0.538121 0.169403 -0.896667 1 1 1.000000
pakkun_water_ball.png
  0 -5.885254 0.000000 -2.518555 -0.816492 0.167251 -0.552601 0.169403 -0.896667 1 1 1.000000
  0 -4.263672 2.150391 -4.263672 -0.816492 0.167251 -0.552601 0.169403 -0.896667 1 1 1.000000
  0 -4.526367 0.000000 -4.526367 -0.816492 0.167251 -0.552601 0.169403 -0.896667 1 1 1.000000
pakkun_water_ball.png
  0 -4.263672 -2.150391 -4.263672 -0.816492 -0.167251 -0.552601 0.169403 -0.896667 1 1 1.000000
  0 -5.885254 0.000000 -2.518555 -0.816492 -0.167251 -0.552601 0.169403 -0.896667 1 1 1.000000
  0 -4.526367 0.000000 -4.526367 -0.816492 -0.167251 -0.552601 0.169403 -0.896667 1 1 1.000000
pakkun_water_ball.png
  0 -4.263672 -2.150391 -4.263672 -0.552601 -0.167251 -0.816492 0.169403 -0.896667 1 1 1.000000
  0 -4.526367 0.000000 -4.526367 -0.552601 -0.167251 -0.816492 0.169403 -0.896667 1 1 1.000000
  0 -2.518555 0.000000 -5.885254 -0.552601 -0.167251 -0.816492 0.169403 -0.896667 1 1 1.000000
pakkun_water_ball.png
  0 -2.340820 -2.340820 -5.479004 -0.538121 -0.183625 -0.822622 0.169403 -0.896667 1 1 1.000000
  0 -4.263672 -2.150391 -4.263672 -0.538121 -0.183625 -0.822622 0.169403 -0.896667 1 1 1.000000
  0 -2.518555 0.000000 -5.885254 -0.538121 -0.183625 -0.822622 0.169403 -0.896667 1 1 1.000000
pakkun_water_ball.png
  0 -2.340820 -2.340820 -5.479004 -0.197394 -0.182160 -0.963252 0.169403 -0.896667 1 1 1.000000
  0 -2.518555 0.000000 -5.885254 -0.197394 -0.182160 -0.963252 0.169403 -0.896667 1 1 1.000000
  0 0.000000 0.000000 -6.401367 -0.197394 -0.182160 -0.963252 0.169403 -0.896667 1 1 1.000000
pakkun_water_ball.png
  0 0.000000 -5.885254 -2.518555 0.167251 -0.816492 -0.552601 0.169403 -0.896667 1 1 1.000000
  0 0.000000 -4.526367 -4.526367 0.167251 -0.816492 -0.552601 0.169403 -0.896667 1 1 1.000000
  0 2.150391 -4.263672 -4.263672 0.167251 -0.816492 -0.552601 0.169403 -0.896667 1 1 1.000000
pakkun_water_ball.png
  0 2.340820 -5.479004 -2.340820 0.183625 -0.822622 -0.538121 0.169403 -0.896667 1 1 1.000000
  0 0.000000 -5.885254 -2.518555 0.183625 -0.822622 -0.538121 0.169403 -0.896667 1 1 1.000000
  0 2.150391 -4.263672 -4.263672 0.183625 -0.822622 -0.538121 0.169403 -0.896667 1 1 1.000000
pakkun_water_ball.png
  0 2.340820 -5.479004 -2.340820 0.455291 -0.731562 -0.507471 0.169403 -0.896667 1 1 1.000000
  0 2.150391 -4.263672 -4.263672 0.455291 -0.731562 -0.507471 0.169403 -0.896667 1 1 1.000000
  0 3.695801 -3.695801 -3.695801 0.455291 -0.731562 -0.507471 0.169403 -0.896667 1 1 1.000000
pakkun_water_ball.png
  0 4.263672 -4.263672 -2.150391 0.507471 -0.731562 -0.455291 0.169403 -0.896667 1 1 1.000000
  0 2.340820 -5.479004 -2.340820 0.507471 -0.731562 -0.455291 0.169403 -0.896667 1 1 1.000000
  0 3.695801 -3.695801 -3.695801 0.507471 -0.731562 -0.455291 0.169403 -0.896667 1 1 1.000000
pakkun_water_ball.png
  0 4.263672 -4.263672 -2.150391 0.731562 -0.507471 -0.455291 0.169403 -0.896667 1 1 1.000000
  0 3.695801 -3.695801 -3.695801 0.731562 -0.507471 -0.455291 0.169403 -0.896667 1 1 1.000000
  0 5.479004 -2.340820 -2.340820 0.731562 -0.507471 -0.455291 0.169403 -0.896667 1 1 1.000000
pakkun_water_ball.png
  0 5.885254 -2.518555 0.000000 0.822622 -0.538121 -0.183625 0.169403 -0.896667 1 1 1.000000
  0 4.263672 -4.263672 -2.150391 0.822622 -0.538121 -0.183625 0.169403 -0.896667 1 1 1.000000
  0 5.479004 -2.340820 -2.340820 0.822622 -0.538121 -0.183625 0.169403 -0.896667 1 1 1.000000
pakkun_water_ball.png
  0 5.885254 -2.518555 0.000000 0.963252 -0.197394 -0.182160 0.169403 -0.896667 1 1 1.000000
  0 5.479004 -2.340820 -2.340820 0.963252 -0.197394 -0.182160 0.169403 -0.896667 1 1 1.000000
  0 6.401367 0.000000 0.000000 0.963252 -0.197394 -0.182160 0.169403 -0.896667 1 1 1.000000
pakkun_water_ball.png
  0 5.479004 -2.340820 2.340820 0.963252 -0.197394 0.182160 0.169403 -0.896667 1 1 1.000000
  0 5.885254 -2.518555 0.000000 0.963252 -0.197394 0.182160 0.169403 -0.896667 1 1 1.000000
  0 6.401367 0.000000 0.000000 0.963252 -0.197394 0.182160 0.169403 -0.896667 1 1 1.000000
pakkun_water_ball.png
  0 5.479004 -2.340820 2.340820 0.963252 -0.182160 0.197394 0.169403 -0.896667 1 1 1.000000
  0 6.401367 0.000000 0.000000 0.963252 -0.182160 0.197394 0.169403 -0.896667 1 1 1.000000
  0 5.885254 0.000000 2.518555 0.963252 -0.182160 0.197394 0.169403 -0.896667 1 1 1.000000
pakkun_water_ball.png
  0 4.263672 -2.150391 4.263672 0.822622 -0.183625 0.538121 0.169403 -0.896667 1 1 1.000000
  0 5.479004 -2.340820 2.340820 0.822622 -0.183625 0.538121 0.169403 -0.896667 1 1 1.000000
  0 5.885254 0.000000 2.518555 0.822622 -0.183625 0.538121 0.169403 -0.896667 1 1 1.000000
pakkun_water_ball.png
  0 4.263672 -2.150391 4.263672 0.816492 -0.167251 0.552601 0.169403 -0.896667 1 1 1.000000
  0 5.885254 0.000000 2.518555 0.816492 -0.167251 0.552601 0.169403 -0.896667 1 1 1.000000
  0 4.526367 0.000000 4.526367 0.816492 -0.167251 0.552601 0.169403 -0.896667 1 1 1.000000
pakkun_water_ball.png
  0 2.518555 0.000000 5.885254 0.552601 -0.167251 0.816492 0.169403 -0.896667 1 1 1.000000
  0 4.263672 -2.150391 4.263672 0.552601 -0.167251 0.816492 0.169403 -0.896667 1 1 1.000000
  0 4.526367 0.000000 4.526367 0.552601 -0.167251 0.816492 0.169403 -0.896667 1 1 1.000000
pakkun_water_ball.png
  0 2.518555 0.000000 5.885254 0.552601 0.167251 0.816492 0.169403 -0.896667 1 1 1.000000
  0 4.526367 0.000000 4.526367 0.552601 0.167251 0.816492 0.169403 -0.896667 1 1 1.000000
  0 4.263672 2.150391 4.263672 0.552601 0.167251 0.816492 0.169403 -0.896667 1 1 1.000000
pakkun_water_ball.png
  0 2.340820 2.340820 5.479004 0.538121 0.183625 0.822622 0.169403 -0.896667 1 1 1.000000
  0 2.518555 0.000000 5.885254 0.538121 0.183625 0.822622 0.169403 -0.896667 1 1 1.000000
  0 4.263672 2.150391 4.263672 0.538121 0.183625 0.822622 0.169403 -0.896667 1 1 1.000000
pakkun_water_ball.png
  0 2.340820 2.340820 5.479004 0.507471 0.455291 0.731562 0.169403 -0.896667 1 1 1.000000
  0 4.263672 2.150391 4.263672 0.507471 0.455291 0.731562 0.169403 -0.896667 1 1 1.000000
  0 3.695801 3.695801 3.695801 0.507471 0.455291 0.731562 0.169403 -0.896667 1 1 1.000000
pakkun_water_ball.png
  0 0.000000 -6.401367 0.000000 0.182160 -0.963252 -0.197394 0.169403 -0.896667 1 1 1.000000
  0 0.000000 -5.885254 -2.518555 0.182160 -0.963252 -0.197394 0.169403 -0.896667 1 1 1.000000
  0 2.340820 -5.479004 -2.340820 0.182160 -0.963252 -0.197394 0.169403 -0.896667 1 1 1.000000
pakkun_water_ball.png
  0 2.518555 -5.885254 0.000000 0.197394 -0.963252 -0.182160 0.169403 -0.896667 1 1 1.000000
  0 0.000000 -6.401367 0.000000 0.197394 -0.963252 -0.182160 0.169403 -0.896667 1 1 1.000000
  0 2.340820 -5.479004 -2.340820 0.197394 -0.963252 -0.182160 0.169403 -0.896667 1 1 1.000000
pakkun_water_ball.png
  0 2.518555 -5.885254 0.000000 0.538121 -0.822622 -0.183625 0.169403 -0.896667 1 1 1.000000
  0 2.340820 -5.479004 -2.340820 0.538121 -0.822622 -0.183625 0.169403 -0.896667 1 1 1.000000
  0 4.263672 -4.263672 -2.150391 0.538121 -0.822622 -0.183625 0.169403 -0.896667 1 1 1.000000
pakkun_water_ball.png
  0 4.526367 -4.526367 0.000000 0.552601 -0.816492 -0.167251 0.169403 -0.896667 1 1 1.000000
  0 2.518555 -5.885254 0.000000 0.552601 -0.816492 -0.167251 0.169403 -0.896667 1 1 1.000000
  0 4.263672 -4.263672 -2.150391 0.552601 -0.816492 -0.167251 0.169403 -0.896667 1 1 1.000000
pakkun_water_ball.png
  0 4.526367 -4.526367 0.000000 0.816492 -0.552601 -0.167251 0.169403 -0.896667 1 1 1.000000
  0 4.263672 -4.263672 -2.150391 0.816492 -0.552601 -0.167251 0.169403 -0.896667 1 1 1.000000
  0 5.885254 -2.518555 0.000000 0.816492 -0.552601 -0.167251 0.169403 -0.896667 1 1 1.000000
pakkun_water_ball.png
  0 4.263672 -4.263672 2.150391 0.816492 -0.552601 0.167251 0.169403 -0.896667 1 1 1.000000
  0 4.526367 -4.526367 0.000000 0.816492 -0.552601 0.167251 0.169403 -0.896667 1 1 1.000000
  0 5.885254 -2.518555 0.000000 0.816492 -0.552601 0.167251 0.169403 -0.896667 1 1 1.000000
pakkun_water_ball.png
  0 4.263672 -4.263672 2.150391 0.822622 -0.538121 0.183625 0.169403 -0.896667 1 1 1.000000
  0 5.885254 -2.518555 0.000000 0.822622 -0.538121 0.183625 0.169403 -0.896667 1 1 1.000000
  0 5.479004 -2.340820 2.340820 0.822622 -0.538121 0.183625 0.169403 -0.896667 1 1 1.000000
pakkun_water_ball.png
  0 3.695801 -3.695801 3.695801 0.731562 -0.507471 0.455291 0.169403 -0.896667 1 1 1.000000
  0 4.263672 -4.263672 2.150391 0.731562 -0.507471 0.455291 0.169403 -0.896667 1 1 1.000000
  0 5.479004 -2.340820 2.340820 0.731562 -0.507471 0.455291 0.169403 -0.896667 1 1 1.000000
pakkun_water_ball.png
  0 3.695801 -3.695801 3.695801 0.731562 -0.455291 0.507471 0.169403 -0.896667 1 1 1.000000
  0 5.479004 -2.340820 2.340820 0.731562 -0.455291 0.507471 0.169403 -0.896667 1 1 1.000000
  0 4.263672 -2.150391 4.263672 0.731562 -0.455291 0.507471 0.169403 -0.896667 1 1 1.000000
pakkun_water_ball.png
  0 2.340820 -2.340820 5.479004 0.507471 -0.455291 0.731562 0.169403 -0.896667 1 1 1.000000
  0 3.695801 -3.695801 3.695801 0.507471 -0.455291 0.731562 0.169403 -0.896667 1 1 1.000000
  0 4.263672 -2.150391 4.263672 0.507471 -0.455291 0.731562 0.169403 -0.896667 1 1 1.000000
pakkun_water_ball.png
  0 2.340820 -2.340820 5.479004 0.538121 -0.183625 0.822622 0.169403 -0.896667 1 1 1.000000
  0 4.263672 -2.150391 4.263672 0.538121 -0.183625 0.822622 0.169403 -0.896667 1 1 1.000000
  0 2.518555 0.000000 5.885254 0.538121 -0.183625 0.822622 0.169403 -0.896667 1 1 1.000000
pakkun_water_ball.png
  0 0.000000 0.000000 6.401367 0.197394 -0.182160 0.963252 0.169403 -0.896667 1 1 1.000000
  0 2.340820 -2.340820 5.479004 0.197394 -0.182160 0.963252 0.169403 -0.896667 1 1 1.000000
  0 2.518555 0.000000 5.885254 0.197394 -0.182160 0.963252 0.169403 -0.896667 1 1 1.000000
pakkun_water_ball.png
  0 0.000000 0.000000 6.401367 0.197394 0.182160 0.963252 0.169403 -0.896667 1 1 1.000000
  0 2.518555 0.000000 5.885254 0.197394 0.182160 0.963252 0.169403 -0.896667 1 1 1.000000
  0 2.340820 2.340820 5.479004 0.197394 0.182160 0.963252 0.169403 -0.896667 1 1 1.000000
pakkun_water_ball.png
  0 -3.695801 3.695801 3.695801 -0.455291 0.731562 0.507471 0.169403 -0.896667 1 1 1.000000
  0 -2.150391 4.263672 4.263672 -0.455291 0.731562 0.507471 0.169403 -0.896667 1 1 1.000000
  0 -2.340820 5.479004 2.340820 -0.455291 0.731562 0.507471 0.169403 -0.896667 1 1 1.000000
pakkun_water_ball.png
  0 -4.263672 4.263672 2.150391 -0.507471 0.731562 0.455291 0.169403 -0.896667 1 1 1.000000
  0 -3.695801 3.695801 3.695801 -0.507471 0.731562 0.455291 0.169403 -0.896667 1 1 1.000000
  0 -2.340820 5.479004 2.340820 -0.507471 0.731562 0.455291 0.169403 -0.896667 1 1 1.000000
pakkun_water_ball.png
  0 -4.263672 4.263672 2.150391 -0.538121 0.822622 0.183625 0.169403 -0.896667 1 1 1.000000
  0 -2.340820 5.479004 2.340820 -0.538121 0.822622 0.183625 0.169403 -0.896667 1 1 1.000000
  0 -2.518555 5.885254 0.000000 -0.538121 0.822622 0.183625 0.169403 -0.896667 1 1 1.000000
pakkun_water_ball.png
  0 -4.526367 4.526367 0.000000 -0.552601 0.816492 0.167251 0.169403 -0.896667 1 1 1.000000
  0 -4.263672 4.263672 2.150391 -0.552601 0.816492 0.167251 0.169403 -0.896667 1 1 1.000000
  0 -2.518555 5.885254 0.000000 -0.552601 0.816492 0.167251 0.169403 -0.896667 1 1 1.000000
pakkun_water_ball.png
  0 -4.526367 4.526367 0.000000 -0.552601 0.816492 -0.167251 0.169403 -0.896667 1 1 1.000000
  0 -2.518555 5.885254 0.000000 -0.552601 0.816492 -0.167251 0.169403 -0.896667 1 1 1.000000
  0 -4.263672 4.263672 -2.150391 -0.552601 0.816492 -0.167251 0.169403 -0.896667 1 1 1.000000
pakkun_water_ball.png
  0 -5.885254 2.518555 0.000000 -0.816492 0.552601 -0.167251 0.169403 -0.896667 1 1 1.000000
  0 -4.526367 4.526367 0.000000 -0.816492 0.552601 -0.167251 0.169403 -0.896667 1 1 1.000000
  0 -4.263672 4.263672 -2.150391 -0.816492 0.552601 -0.167251 0.169403 -0.896667 1 1 1.000000
pakkun_water_ball.png
  0 -5.885254 2.518555 0.000000 -0.822622 0.538121 -0.183625 0.169403 -0.896667 1 1 1.000000
  0 -4.263672 4.263672 -2.150391 -0.822622 0.538121 -0.183625 0.169403 -0.896667 1 1 1.000000
  0 -5.479004 2.340820 -2.340820 -0.822622 0.538121 -0.183625 0.169403 -0.896667 1 1 1.000000
pakkun_water_ball.png
  0 -6.401367 0.000000 0.000000 -0.963252 0.197394 -0.182160 0.169403 -0.896667 1 1 1.000000
  0 -5.885254 2.518555 0.000000 -0.963252 0.197394 -0.182160 0.169403 -0.896667 1 1 1.000000
  0 -5.479004 2.340820 -2.340820 -0.963252 0.197394 -0.182160 0.169403 -0.896667 1 1 1.000000
pakkun_water_ball.png
  0 -6.401367 0.000000 0.000000 -0.963252 0.182160 -0.197394 0.169403 -0.896667 1 1 1.000000
  0 -5.479004 2.340820 -2.340820 -0.963252 0.182160 -0.197394 0.169403 -0.896667 1 1 1.000000
  0 -5.885254 0.000000 -2.518555 -0.963252 0.182160 -0.197394 0.169403 -0.896667 1 1 1.000000
pakkun_water_ball.png
  0 -5.479004 -2.340820 -2.340820 -0.963252 -0.182160 -0.197394 0.169403 -0.896667 1 1 1.000000
  0 -6.401367 0.000000 0.000000 -0.963252 -0.182160 -0.197394 0.169403 -0.896667 1 1 1.000000
  0 -5.885254 0.000000 -2.518555 -0.963252 -0.182160 -0.197394 0.169403 -0.896667 1 1 1.000000
pakkun_water_ball.png
  0 -5.479004 -2.340820 -2.340820 -0.822622 -0.183625 -0.538121 0.169403 -0.896667 1 1 1.000000
  0 -5.885254 0.000000 -2.518555 -0.822622 -0.183625 -0.538121 0.169403 -0.896667 1 1 1.000000
  0 -4.263672 -2.150391 -4.263672 -0.822622 -0.183625 -0.538121 0.169403 -0.896667 1 1 1.000000
pakkun_water_ball.png
  0 -3.695801 -3.695801 -3.695801 -0.731562 -0.455291 -0.507471 0.169403 -0.896667 1 1 1.000000
  0 -5.479004 -2.340820 -2.340820 -0.731562 -0.455291 -0.507471 0.169403 -0.896667 1 1 1.000000
  0 -4.263672 -2.150391 -4.263672 -0.731562 -0.455291 -0.507471 0.169403 -0.896667 1 1 1.000000
pakkun_water_ball.png
  0 -3.695801 -3.695801 -3.695801 -0.507471 -0.455291 -0.731562 0.169403 -0.896667 1 1 1.000000
  0 -4.263672 -2.150391 -4.263672 -0.507471 -0.455291 -0.731562 0.169403 -0.896667 1 1 1.000000
  0 -2.340820 -2.340820 -5.479004 -0.507471 -0.455291 -0.731562 0.169403 -0.896667 1 1 1.000000
pakkun_water_ball.png
  0 2.518555 -5.885254 0.000000 0.552601 -0.816492 0.167251 0.169403 -0.896667 1 1 1.000000
  0 4.526367 -4.526367 0.000000 0.552601 -0.816492 0.167251 0.169403 -0.896667 1 1 1.000000
  0 4.263672 -4.263672 2.150391 0.552601 -0.816492 0.167251 0.169403 -0.896667 1 1 1.000000
pakkun_water_ball.png
  0 2.340820 -5.479004 2.340820 0.538121 -0.822622 0.183625 0.169403 -0.896667 1 1 1.000000
  0 2.518555 -5.885254 0.000000 0.538121 -0.822622 0.183625 0.169403 -0.896667 1 1 1.000000
  0 4.263672 -4.263672 2.150391 0.538121 -0.822622 0.183625 0.169403 -0.896667 1 1 1.000000
pakkun_water_ball.png
  0 2.340820 -5.479004 2.340820 0.507471 -0.731562 0.455291 0.169403 -0.896667 1 1 1.000000
  0 4.263672 -4.263672 2.150391 0.507471 -0.731562 0.455291 0.169403 -0.896667 1 1 1.000000
  0 3.695801 -3.695801 3.695801 0.507471 -0.731562 0.455291 0.169403 -0.896667 1 1 1.000000
pakkun_water_ball.png
  0 2.150391 -4.263672 4.263672 0.455291 -0.731562 0.507471 0.169403 -0.896667 1 1 1.000000
  0 2.340820 -5.479004 2.340820 0.455291 -0.731562 0.507471 0.169403 -0.896667 1 1 1.000000
  0 3.695801 -3.695801 3.695801 0.455291 -0.731562 0.507471 0.169403 -0.896667 1 1 1.000000
pakkun_water_ball.png
  0 2.150391 -4.263672 4.263672 0.455291 -0.507471 0.731562 0.169403 -0.896667 1 1 1.000000
